07/25/2017                     Dynamic List Display                            1

07/25/2017		                   ZPPWIP WITH SERIAL NUMBERS		  1

ZPPWIP WITH SERIAL NUMBERS

	Serial number		Order

	B942-01534		161630575
	00692		161622413
	01689		161619005
	01688		161619004
	01687		161619003
	01686		161619002
	00942		161616665
	00941		161616659
	00940		161616654
	00937		161616650
	00796		161616006
	1111		161610901
	01685		161610884
	01684		161610883
	01683		161610882
	01682		161610881
	01681		161604003
	01680		161604002
	01679		161604001
	01678		161604000
	01677		161603999
	01676		161603998
	01675		161603997
	01674		161603985
	B942-01682		161603975
	1110		161603886
	1109		161603881
	TEMP175727		161602572
	TEMP175728		161602572
	TEMP175729		161602572
	TEMP175730		161602572
	TEMP175731		161602572
	TEMP175722		161602565
	TEMP175723		161602565
	TEMP175724		161602565
	TEMP175725		161602565
	TEMP175726		161602565
	00936		161602451
	B942-01585		161590360
	01673		161590250
	01672		161590248
	B942-01681		161586889
	TEMP175352		161585786
	TEMP175353		161585786
	TEMP175354		161585786
	TEMP175355		161585786
	TEMP175356		161585786
	01671		161585636
	01670		161585635
	01669		161585634
	01668		161585633
	4274		161585594
	4272		161585562
	4271		161585556
	B942-01518		161583687
	B942-01614		161583634
	0803		161583604
	0782		161583561
	1410G		161583520
	B942-01680		161583510
	B942-01679		161583504
	B942-01678		161583499
	01666		161580571
	01665		161580569
	01664		161580560
	P21378		161580037
	1086		161573536
	1085		161573532
	4270		161572544
	TEMP174993		161572515
	TEMP174994		161572515
	TEMP174995		161572515
	TEMP174996		161572515
	TEMP174997		161572515
	1084		161567508
	1083		161567502
	1522K		161562997
	1082		161560171
	4269		161560046
	4268		161559072
	B942-01677		161559033
	4267		161555209
	4266		161555208
	B942-01675		161554228
	0333		161554187
	1081		161553846
	B942-01673		161547113
	4265		161546195
	4264		161546193
	4263		161546192
	4262		161546189
	00929		161546045
	P1676		161535550
	B942-01650		161532325
	0886		161522415
	4261		161522401
	1770		161522389
	1108		161513289
	1107		161513288
	B942-01670		161510825
	4260		161510804
	B942-01594		161507344
	P21444		161504333
	0885		161499374
	0884		161499373
	00690		161499199
	2381		161490414
	2380		161490413
	4950		161488066
	1521K		161483916
	B942-01666		161483907
	B942-01663		161483904
	0986		161469107
	2373		161467557
	P21557		161456394
	01451		161449901
	B2772-00007		161432205
	01644		161412026
	01642		161412024
	B942-01661		161410522
	B942-01657		161410507
	00919		161371867
	2652		161342273
	0862		161290951
	0854		161249097
	1481K		161238190
	1434J		161238142
	P21310		161188792
	1517K		161180343
	B942-01453		161160307
	B1661-00120		161137789
	2368		161137779
	B2737-00008		161055660
	B372-00385		160981427
	P21328		160975136
	P1701		160835902
	17421		160759624
	P21276		160636232
	00852		160554359
	B1661-00118		160499580
	00843		160454742
	B2772-00005		160435043
	0331		160103421
	0329		160065177
	0010		19338699
	0011		19338699
	0012		19338699
	0013		19338699
	0014		19338699
	0015		19338699
	0016		19338699
	0017		19338699
	0018		19338699
	P1928		19201981
	TEMP115775		18567911
